RELATORIO DE ANALISE DO VIDEO
===============================

Total de frames analisados: 3326
Total de acenos detectados: 3
Total de apertos de mao detectados: 30
Total de dancas detectadas: 22

Emocoes detectadas:
- sad: 874
- fear: 417
- happy: 1055
- angry: 120
- neutral: 834
- surprise: 116
- disgust: 1

Total de frames com possiveis anomalias: 266
Frames com anomalias: [1, 2, 6, 7, 8, 9, 12, 13, 14, 15, 45, 47, 51, 53, 59, 60, 63, 65, 67, 68, 103, 104, 106, 109, 112, 117, 120, 123, 124, 125, 133, 134, 135, 136, 137, 138, 139, 140, 141, 142, 143, 144, 145, 146, 147, 148, 149, 151, 152, 153, 155, 263, 265, 269, 410, 490, 491, 549, 550, 554, 555, 563, 597, 598, 600, 604, 621, 632, 639, 640, 641, 642, 643, 644, 645, 646, 647, 649, 650, 651, 652, 653, 659, 704, 705, 706, 711, 712, 713, 714, 716, 717, 718, 719, 720, 901, 932, 934, 935, 942, 946, 953, 954, 955, 956, 957, 960, 962, 966, 967, 968, 969, 970, 972, 974, 976, 980, 981, 983, 985, 986, 991, 992, 995, 1025, 1026, 1027, 1028, 1029, 1030, 1031, 1032, 1033, 1035, 1037, 1038, 1039, 1041, 1042, 1043, 1044, 1045, 1046, 1047, 1049, 1051, 1053, 1054, 1058, 1059, 1060, 1061, 1062, 1066, 1067, 1069, 1071, 1072, 1074, 1076, 1077, 1079, 1308, 1312, 1318, 1319, 1336, 1341, 1342, 1409, 1424, 1427, 1429, 1431, 1432, 1532, 1533, 1537, 1612, 1613, 1614, 1703, 1704, 1705, 1706, 1708, 1709, 1750, 1754, 1756, 1757, 1784, 1847, 1848, 1849, 1850, 1851, 1855, 2011, 2012, 2013, 2014, 2015, 2016, 2276, 2277, 2278, 2279, 2280, 2281, 2282, 2283, 2284, 2316, 2317, 2318, 2319, 2320, 2321, 2345, 2360, 2404, 2406, 2407, 2408, 2411, 2412, 2413, 2414, 2415, 2416, 2435, 2436, 2437, 2438, 2454, 2455, 2456, 2460, 2461, 2462, 2469, 2470, 2476, 2482, 2483, 2484, 2485, 2486, 2489, 2493, 2494, 2495, 2682, 2875, 2947, 2948, 2949, 2950, 2951, 2952, 2992, 3000, 3026, 3232, 3233]
